542049.0	7.908692e6	1.9416731e7	3.4834353e7	5.4950313e7	6.8973544e7	5.1386579e7	2.327482e7	4.360995e6	101372.0
941265.0	1.3595272e7	3.3253677e7	5.9689556e7	9.4163863e7	1.18184259e8	8.8068637e7	3.9883238e7	7.471171e6	173244.0
1.162062e6	1.6561648e7	4.0402973e7	7.2545499e7	1.14402936e8	1.43606368e8	1.06996719e8	4.8473615e7	9.076872e6	210477.0
1.311017e6	1.8543494e7	4.4988953e7	8.0867472e7	1.2751814e8	1.60082424e8	1.19271631e8	5.4021812e7	1.0122215e7	234236.0
1.424619e6	1.9887562e7	4.8113057e7	8.6521462e7	1.36476466e8	1.71323169e8	1.27612696e8	5.7813681e7	1.0836182e7	249852.0
1.50804e6	2.0826116e7	5.0235098e7	9.0408709e7	1.42590128e8	1.7901496e8	1.3335517e8	6.0418888e7	1.1321262e7	261427.0
1.573612e6	2.1460641e7	5.1640274e7	9.303885e7	1.46730512e8	1.84227449e8	1.37233867e8	6.2170338e7	1.1645308e7	269475.0
1.62295e6	2.1865479e7	5.254714e7	9.4693531e7	1.4939389e8	1.87525716e8	1.39726379e8	6.3292631e7	1.1855698e7	274203.0
1.657609e6	2.2110314e7	5.3043728e7	9.5692808e7	1.50960815e8	1.8946944e8	1.41175173e8	6.3928e7	1.197613e7	277574.0
1.678655e6	2.2225921e7	5.3283235e7	9.6143669e7	1.51640156e8	1.90390272e8	1.41852693e8	6.4242661e7	1.2034913e7	278198.0
1.695886e6	2.2240576e7	5.3289822e7	9.6213867e7	1.51759506e8	1.90521126e8	1.41965396e8	6.4283709e7	1.2048078e7	277983.0
1.703249e6	2.2198182e7	5.3137608e7	9.6010278e7	1.51443412e8	1.90121397e8	1.41649749e8	6.4155386e7	1.202233e7	278426.0
1.705668e6	2.2097614e7	5.2908016e7	9.5637526e7	1.50844056e8	1.89353106e8	1.41064548e8	6.3900448e7	1.1966719e7	276279.0
1.704845e6	2.1976033e7	5.2616477e7	9.5151423e7	1.50061184e8	1.88356572e8	1.40357314e8	6.3564004e7	1.190596e7	275246.0
1.700018e6	2.1850257e7	5.2302354e7	9.4627871e7	1.49231905e8	1.87341649e8	1.39592029e8	6.3216671e7	1.1840815e7	273689.0
1.696795e6	2.1712106e7	5.2017205e7	9.4126007e7	1.48446496e8	1.86347503e8	1.38844086e8	6.288782e7	1.1782943e7	271853.0
1.690774e6	2.1609357e7	5.1781024e7	9.3714559e7	1.47801051e8	1.85535966e8	1.3824019e8	6.2597468e7	1.1734326e7	270743.0
1.690268e6	2.1534182e7	5.1609333e7	9.3432991e7	1.47360497e8	1.84988325e8	1.37828828e8	6.2418735e7	1.1699632e7	270670.0
1.689182e6	2.1501364e7	5.1550555e7	9.3345561e7	1.47219015e8	1.84823278e8	1.37705391e8	6.2368633e7	1.1683302e7	269978.0
1.692241e6	2.1531586e7	5.162869e7	9.3502921e7	1.47477962e8	1.85141968e8	1.37947989e8	6.2476876e7	1.1712029e7	270858.0
1.692226e6	2.1529557e7	5.1631488e7	9.3496437e7	1.47466666e8	1.85135016e8	1.37946056e8	6.246743e7	1.1708848e7	270501.0
1.684278e6	2.1503682e7	5.1551499e7	9.3343292e7	1.47231077e8	1.84815746e8	1.37712108e8	6.2376321e7	1.1683285e7	269612.0
1.686649e6	2.1523269e7	5.1605821e7	9.3414446e7	1.47349911e8	1.84999257e8	1.37835715e8	6.2423653e7	1.1697774e7	270235.0
1.688505e6	2.1601754e7	5.1762447e7	9.3711838e7	1.4779397e8	1.85562186e8	1.38225143e8	6.2623707e7	1.1734431e7	270264.0
1.692042e6	2.1705308e7	5.2007477e7	9.4148516e7	1.48458438e8	1.86359787e8	1.38840113e8	6.2883028e7	1.1780907e7	271731.0
1.697525e6	2.1830836e7	5.2304351e7	9.4626878e7	1.4924483e8	1.87329652e8	1.39593846e8	6.3226235e7	1.1844636e7	273525.0
1.69986e6	2.1963564e7	5.2621406e7	9.5149628e7	1.50062746e8	1.88383085e8	1.40334815e8	6.3581214e7	1.1911106e7	275717.0
1.701938e6	2.2091577e7	5.2909503e7	9.5634902e7	1.50845641e8	1.8934289e8	1.41085372e8	6.3884558e7	1.197217e7	276431.0
1.700728e6	2.2189684e7	5.3139488e7	9.6027602e7	1.51427687e8	1.90092478e8	1.41663885e8	6.4164008e7	1.2026552e7	278147.0
1.692727e6	2.2253232e7	5.3293221e7	9.6224557e7	1.51756619e8	1.90512811e8	1.41928726e8	6.4297461e7	1.2048371e7	278540.0
1.678348e6	2.2213598e7	5.3296969e7	9.6145644e7	1.51630771e8	1.90380408e8	1.41824376e8	6.4248976e7	1.203532e7	277304.0
1.658038e6	2.2108285e7	5.3066627e7	9.569051e7	1.50932245e8	1.89461571e8	1.41149246e8	6.3943522e7	1.1982874e7	275801.0
1.626161e6	2.186863e7	5.2551291e7	9.4716189e7	1.49355283e8	1.87509798e8	1.39715191e8	6.328759e7	1.1855314e7	273115.0
1.580237e6	2.1458042e7	5.1652188e7	9.3046928e7	1.4671256e8	1.84195702e8	1.3722991e8	6.2148161e7	1.1646347e7	268783.0
1.516946e6	2.082212e7	5.0247345e7	9.0404462e7	1.42594747e8	1.78993224e8	1.33389519e8	6.0411767e7	1.1321894e7	261533.0
1.429768e6	1.9885763e7	4.8105121e7	8.6508093e7	1.3644297e8	1.71299225e8	1.27623785e8	5.7813941e7	1.0830322e7	249563.0
1.318027e6	1.8545729e7	4.4985809e7	8.0847818e7	1.27512626e8	1.60087226e8	1.19261441e8	5.4023364e7	1.0120261e7	234046.0
1.164698e6	1.6581588e7	4.039623e7	7.252383e7	1.14406544e8	1.43620481e8	1.06997851e8	4.8462608e7	9.08128e6	210148.0
945035.0	1.3604812e7	3.325077e7	5.9690143e7	9.4137434e7	1.1820217e8	8.8044985e7	3.9879461e7	7.471044e6	172724.0
545508.0	7.916542e6	1.9414512e7	3.4834997e7	5.4941312e7	6.8979831e7	5.1392496e7	2.3266475e7	4.360997e6	100400.0
