652460.0	7.810419e6	1.9398724e7	3.4835221e7	5.4954118e7	6.8982181e7	5.138176e7	2.3271919e7	4.361465e6	101181.0
1.142385e6	1.3399206e7	3.3247526e7	5.9700922e7	9.4139522e7	1.18196661e8	8.8074358e7	3.9877641e7	7.474304e6	171657.0
1.418217e6	1.6311107e7	4.0389291e7	7.2559099e7	1.14385759e8	1.43622123e8	1.07002179e8	4.8456278e7	9.084535e6	210581.0
1.605844e6	1.8241407e7	4.4987121e7	8.0854345e7	1.27529659e8	1.60091055e8	1.19270825e8	5.4024633e7	1.012356e7	232945.0
1.741138e6	1.9561859e7	4.8110315e7	8.6545358e7	1.36456224e8	1.71304995e8	1.27640381e8	5.7815403e7	1.08329e7	250173.0
1.833759e6	2.0498066e7	5.021883e7	9.0435687e7	1.42581516e8	1.79002971e8	1.3336574e8	6.0421387e7	1.1320082e7	261760.0
1.897668e6	2.1134202e7	5.1619905e7	9.3044945e7	1.46736081e8	1.84231726e8	1.37245975e8	6.2160156e7	1.1650342e7	269326.0
1.942093e6	2.1551139e7	5.2525198e7	9.4718152e7	1.49368025e8	1.87532181e8	1.39729861e8	6.3301789e7	1.1854993e7	274186.0
1.964958e6	2.1803656e7	5.3024165e7	9.5714102e7	1.50946968e8	1.89474425e8	1.41168819e8	6.3942868e7	1.1975443e7	276187.0
1.976466e6	2.1945468e7	5.3244455e7	9.6184031e7	1.51626279e8	1.90381295e8	1.41845661e8	6.4252203e7	1.203583e7	278685.0
1.976853e6	2.197825e7	5.3252368e7	9.6222225e7	1.51771203e8	1.90521522e8	1.41964577e8	6.4290362e7	1.2040178e7	278411.0
1.96902e6	2.1946219e7	5.3097155e7	9.6044148e7	1.51451125e8	1.90086961e8	1.41667877e8	6.4163362e7	1.2016409e7	277741.0
1.955546e6	2.1864319e7	5.2869308e7	9.5654669e7	1.50827125e8	1.89359209e8	1.41072241e8	6.3905712e7	1.1969053e7	276798.0
1.941147e6	2.1752408e7	5.2588322e7	9.5155685e7	1.50062152e8	1.88386842e8	1.40334848e8	6.3562487e7	1.1910958e7	274209.0
1.925684e6	2.1627707e7	5.2286866e7	9.4637218e7	1.49237434e8	1.87336315e8	1.39592987e8	6.3218514e7	1.1840103e7	274430.0
1.912089e6	2.1503924e7	5.1989586e7	9.4154429e7	1.48444661e8	1.8633372e8	1.38841581e8	6.2895329e7	1.1785189e7	272306.0
1.8989e6	2.1417336e7	5.1751947e7	9.3723423e7	1.47810985e8	1.85524675e8	1.38248014e8	6.2599206e7	1.1729763e7	271209.0
1.888203e6	2.1339336e7	5.1585068e7	9.3447006e7	1.47347299e8	1.85011753e8	1.3783414e8	6.241173e7	1.1699018e7	269908.0
1.883816e6	2.1314226e7	5.1540101e7	9.3343082e7	1.47231838e8	1.8481559e8	1.37719481e8	6.2350683e7	1.1687511e7	269931.0
1.883478e6	2.1348546e7	5.160615e7	9.3517053e7	1.47474115e8	1.85146965e8	1.37949246e8	6.2481001e7	1.1705138e7	271428.0
1.883669e6	2.134613e7	5.1611501e7	9.3504308e7	1.47478137e8	1.85130698e8	1.37933587e8	6.2480447e7	1.1705461e7	270287.0
1.88572e6	2.1313196e7	5.1526745e7	9.3347508e7	1.47227518e8	1.84835002e8	1.37708957e8	6.2371002e7	1.1685596e7	269656.0
1.886149e6	2.1329193e7	5.1591374e7	9.344266e7	1.47350019e8	1.84983225e8	1.37827506e8	6.2426783e7	1.1699395e7	270426.0
1.893949e6	2.1404133e7	5.1752708e7	9.3713461e7	1.4779652e8	1.85549094e8	1.38254501e8	6.2610889e7	1.1727643e7	271347.0
1.907922e6	2.1506858e7	5.2000737e7	9.4133876e7	1.48467775e8	1.8636844e8	1.38832336e8	6.2875527e7	1.1782191e7	271685.0
1.922174e6	2.1627046e7	5.2267685e7	9.4643256e7	1.49231346e8	1.87369552e8	1.39570374e8	6.321498e7	1.1851724e7	274177.0
1.936826e6	2.1748658e7	5.2591747e7	9.5159185e7	1.50055499e8	1.88384941e8	1.40345e8	6.356879e7	1.1916708e7	275787.0
1.953567e6	2.1855135e7	5.2876462e7	9.5668556e7	1.50833943e8	1.89354734e8	1.41064534e8	6.3889494e7	1.197294e7	275617.0
1.967194e6	2.1940575e7	5.3102747e7	9.6029865e7	1.51454698e8	1.90108328e8	1.41640535e8	6.4159832e7	1.2029028e7	277457.0
1.974565e6	2.1982797e7	5.3258775e7	9.6250897e7	1.5174653e8	1.90519641e8	1.41935512e8	6.4288789e7	1.2050633e7	278126.0
1.971211e6	2.1944832e7	5.3243431e7	9.6166483e7	1.51631975e8	1.9039259e8	1.41815934e8	6.4247625e7	1.2039707e7	277926.0
1.96436e6	2.1812324e7	5.3032043e7	9.5719725e7	1.50915319e8	1.89457257e8	1.41173811e8	6.3936749e7	1.1979805e7	277326.0
1.938387e6	2.1566546e7	5.2523416e7	9.4719682e7	1.49374665e8	1.87499897e8	1.39721997e8	6.3286367e7	1.1853699e7	273906.0
1.898064e6	2.1148983e7	5.1627518e7	9.3044087e7	1.4673504e8	1.84196807e8	1.37221997e8	6.2150546e7	1.1646909e7	268907.0
1.833295e6	2.05071e7	5.0213035e7	9.0432219e7	1.42594829e8	1.79024555e8	1.33352202e8	6.0424404e7	1.1320775e7	261143.0
1.739701e6	1.9569226e7	4.8090541e7	8.6529212e7	1.36459961e8	1.71281339e8	1.27633124e8	5.7807323e7	1.0827951e7	250173.0
1.605546e6	1.8254086e7	4.4976045e7	8.0853778e7	1.27521241e8	1.60073234e8	1.19278229e8	5.4020623e7	1.0120065e7	233500.0
1.414946e6	1.6336671e7	4.0380965e7	7.2540911e7	1.14397668e8	1.43630328e8	1.06997271e8	4.8456218e7	9.079968e6	210312.0
1.142945e6	1.3411571e7	3.3242294e7	5.9690927e7	9.4153311e7	1.18175977e8	8.8064996e7	3.9875527e7	7.468238e6	172792.0
652249.0	7.816347e6	1.9403761e7	3.484165e7	5.4951859e7	6.8966711e7	5.1392662e7	2.3267633e7	4.35913e6	101068.0
