745438.0	1.396905e6	3.2707e6	6.029534e6	9.607239e6	1.2599957e7	9.794096e6	4.780253e6	983624.0	36963.0
257040.0	727456.0	1.555559e6	2.871707e6	4.574347e6	6.001248e6	4.664981e6	2.276163e6	469610.0	17687.0
1.372656e6	5.270883e6	1.1616282e7	2.1391219e7	3.4086015e7	4.4713953e7	3.4754993e7	1.6956578e7	3.485926e6	131267.0
872087.0	2.564513e6	6.027922e6	1.1102643e7	1.7684106e7	2.3194625e7	1.8036732e7	8.795437e6	1.810553e6	68378.0
2.533188e6	1.3111717e7	3.0716e7	5.6449055e7	8.9963848e7	1.18000544e8	9.1737591e7	4.4735209e7	9.203672e6	347445.0
310532.0	769790.0	2.13858e6	3.942363e6	6.283199e6	8.234556e6	6.408106e6	3.123423e6	642666.0	24208.0
941315.0	1.2681712e7	2.8860104e7	5.3036649e7	8.4521105e7	1.10818563e8	8.6166545e7	4.2039777e7	8.642876e6	326570.0
12260.0	23367.0	73806.0	136494.0	217830.0	284952.0	221756.0	108325.0	22285.0	881.0
845988.0	1.5837854e7	3.9989868e7	7.3307115e7	1.16850583e8	1.53197428e8	1.19121797e8	5.8121067e7	1.1953922e7	451729.0
4679.0	87146.0	206780.0	381864.0	608331.0	795782.0	620833.0	301962.0	61995.0	2375.0
210771.0	4.631612e6	1.2525352e7	2.3061982e7	3.6765e7	4.8183968e7	3.7466182e7	1.8279711e7	3.75712e6	141475.0
0.0	0.0	1.0	0.0	2.0	3.0	3.0	0.0	0.0	0.0
53502.0	1.33644e6	3.858608e6	7.09498e6	1.1303076e7	1.4814962e7	1.1523352e7	5.619836e6	1.154983e6	43577.0
0.0	0.0	0.0	0.0	0.0	0.0	0.0	0.0	0.0	0.0
7278.0	188906.0	582675.0	1.078584e6	1.717213e6	2.25046e6	1.748636e6	852489.0	175349.0	6616.0
916.0	28452.0	80383.0	148298.0	236890.0	309102.0	241155.0	116601.0	24024.0	925.0
604.0	16828.0	54712.0	101814.0	161731.0	212106.0	164544.0	80439.0	16728.0	607.0
0.0	0.0	0.0	0.0	0.0	0.0	0.0	0.0	0.0	0.0
213.0	7959.0	23822.0	44694.0	70289.0	92149.0	71689.0	34691.0	7101.0	244.0
2.0	115.0	343.0	589.0	1049.0	1354.0	1050.0	520.0	104.0	3.0
