1487.0	4475.0	8051.0	14831.0	23389.0	30866.0	23840.0	11643.0	2418.0	86.0
2586.0	8316.0	14898.0	27057.0	42972.0	56347.0	43584.0	21483.0	4384.0	148.0
3346.0	10708.0	19429.0	34733.0	55916.0	73667.0	57243.0	27863.0	5676.0	223.0
4081.0	12974.0	23607.0	42463.0	67022.0	88284.0	68497.0	33771.0	7064.0	246.0
4637.0	15005.0	27107.0	48841.0	78405.0	103218.0	79898.0	38904.0	7868.0	304.0
5217.0	18328.0	33141.0	58646.0	94318.0	123166.0	95961.0	46792.0	9699.0	368.0
7251.0	25681.0	47413.0	85318.0	136652.0	177715.0	139361.0	67688.0	13784.0	546.0
11794.0	44382.0	85767.0	153972.0	247108.0	323860.0	251345.0	123474.0	25034.0	999.0
25113.0	98750.0	200076.0	362076.0	576369.0	756021.0	588128.0	285653.0	59200.0	2215.0
42692.0	179094.0	375225.0	679983.0	1.082621e6	1.418531e6	1.105613e6	539631.0	110640.0	4204.0
68223.0	312496.0	676636.0	1.230828e6	1.960013e6	2.566573e6	1.997268e6	974158.0	200347.0	7509.0
104766.0	539141.0	1.197085e6	2.175466e6	3.46648e6	4.548263e6	3.539665e6	1.726305e6	355047.0	13240.0
155437.0	889513.0	2.03014e6	3.706407e6	5.900483e6	7.741186e6	6.019251e6	2.935868e6	604628.0	22712.0
223251.0	1.403805e6	3.272393e6	5.993083e6	9.557263e6	1.2527448e7	9.745455e6	4.75073e6	977480.0	37158.0
305739.0	2.106244e6	4.991459e6	9.152832e6	1.4586396e7	1.9130133e7	1.4879203e7	7.256433e6	1.492392e6	55908.0
403846.0	2.966397e6	7.124486e6	1.3081159e7	2.0853242e7	2.7349419e7	2.1266933e7	1.0380242e7	2.131458e6	80398.0
507340.0	3.9179e6	9.510476e6	1.7474238e7	2.7861161e7	3.653461e7	2.8403146e7	1.3852869e7	2.847051e6	107677.0
604250.0	4.83818e6	1.1829524e7	2.1762268e7	3.4694564e7	4.5490583e7	3.5364028e7	1.7252849e7	3.546822e6	134484.0
683351.0	5.582153e6	1.3696116e7	2.5221774e7	4.0181848e7	5.2696788e7	4.0983888e7	1.9991033e7	4.113247e6	155499.0
727616.0	5.99347e6	1.4755164e7	2.7181189e7	4.3312984e7	5.6796944e7	4.4159501e7	2.1546835e7	4.429799e6	167828.0
727064.0	6.002854e6	1.4757347e7	2.7179657e7	4.3316227e7	5.6788469e7	4.4146611e7	2.1532071e7	4.431549e6	167154.0
681846.0	5.581911e6	1.3705843e7	2.5222517e7	4.0200677e7	5.2714568e7	4.0979917e7	1.9991252e7	4.112932e6	154826.0
603416.0	4.839159e6	1.1827455e7	2.1771991e7	3.4694083e7	4.5490497e7	3.5368931e7	1.7251849e7	3.548311e6	134253.0
506302.0	3.917451e6	9.508519e6	1.7483697e7	2.7855462e7	3.6519081e7	2.8390103e7	1.3845326e7	2.846778e6	107674.0
401685.0	2.963572e6	7.123415e6	1.3086103e7	2.0863564e7	2.7341819e7	2.1254254e7	1.0376423e7	2.135205e6	80510.0
306230.0	2.103299e6	4.994363e6	9.15713e6	1.4587316e7	1.9122555e7	1.4869514e7	7.255419e6	1.491181e6	56085.0
222171.0	1.404009e6	3.278299e6	5.992333e6	9.551832e6	1.2525391e7	9.747023e6	4.752182e6	977917.0	36462.0
155570.0	886895.0	2.030776e6	3.703855e6	5.901749e6	7.742698e6	6.015927e6	2.932802e6	603559.0	22445.0
104747.0	536154.0	1.197248e6	2.175649e6	3.467175e6	4.550774e6	3.535635e6	1.724607e6	355525.0	13414.0
68578.0	313213.0	676617.0	1.227205e6	1.957593e6	2.56793e6	1.999104e6	974658.0	200032.0	7579.0
42889.0	179655.0	374660.0	680251.0	1.081891e6	1.420057e6	1.105145e6	538925.0	111117.0	4150.0
25256.0	98642.0	199644.0	360302.0	576258.0	755363.0	588135.0	286631.0	59082.0	2201.0
11670.0	44286.0	86558.0	154670.0	247028.0	323255.0	251590.0	122933.0	25269.0	916.0
7084.0	25579.0	47224.0	85794.0	135801.0	178652.0	138324.0	67572.0	14118.0	523.0
5334.0	18256.0	33166.0	59056.0	93586.0	123977.0	96502.0	47285.0	9581.0	364.0
4505.0	15161.0	27538.0	49366.0	78555.0	102565.0	79843.0	39016.0	8193.0	293.0
3957.0	13084.0	23230.0	42412.0	67204.0	87998.0	68662.0	33506.0	6844.0	283.0
3415.0	10692.0	19635.0	34890.0	55914.0	73020.0	57074.0	27597.0	5756.0	236.0
2562.0	8065.0	14715.0	26948.0	42644.0	56151.0	43764.0	21293.0	4361.0	164.0
1425.0	4602.0	8087.0	14887.0	23678.0	30649.0	24080.0	11901.0	2400.0	102.0
