303556.0	3.375436e6	8.383864e6	1.5371652e7	2.4504994e7	3.2117202e7	2.4972527e7	1.2187614e7	2.506346e6	94920.0
523568.0	5.758989e6	1.4333628e7	2.627169e7	4.1878866e7	5.4914925e7	4.2697421e7	2.0829646e7	4.286222e6	161471.0
639275.0	6.992532e6	1.7394105e7	3.1889406e7	5.0834337e7	6.6651136e7	5.1850227e7	2.5285093e7	5.197182e6	196142.0
717828.0	7.799801e6	1.9393431e7	3.555421e7	5.6693268e7	7.431254e7	5.7787478e7	2.8204034e7	5.798873e6	219054.0
774883.0	8.365288e6	2.0756847e7	3.8101364e7	6.0739731e7	7.9638792e7	6.1920391e7	3.0207939e7	6.212926e6	234243.0
815371.0	8.760894e6	2.173407e7	3.9890472e7	6.3590057e7	8.3392958e7	6.4833625e7	3.1624857e7	6.507502e6	245488.0
847161.0	9.039534e6	2.2421974e7	4.1147549e7	6.5594791e7	8.599413e7	6.6873713e7	3.2627449e7	6.70938e6	253517.0
868938.0	9.226094e6	2.2875305e7	4.2003901e7	6.6962845e7	8.7786968e7	6.8258921e7	3.3285885e7	6.851647e6	258803.0
887175.0	9.352344e6	2.3180393e7	4.2558355e7	6.7838231e7	8.8958753e7	6.9160017e7	3.3739625e7	6.93613e6	260708.0
897124.0	9.431979e6	2.3360692e7	4.2907578e7	6.8386887e7	8.9642436e7	6.9699983e7	3.4000153e7	6.99563e6	263786.0
903109.0	9.474979e6	2.3442961e7	4.3052735e7	6.8638953e7	8.9982484e7	6.9988907e7	3.4134882e7	7.016707e6	264806.0
907901.0	9.487226e6	2.345937e7	4.3111186e7	6.8713507e7	9.0093908e7	7.0052149e7	3.4177519e7	7.028801e6	265018.0
910692.0	9.477317e6	2.3440255e7	4.3081118e7	6.8655326e7	9.0007934e7	6.999309e7	3.415319e7	7.023028e6	265242.0
911372.0	9.457393e6	2.3388916e7	4.3000271e7	6.8517386e7	8.9835431e7	6.9867007e7	3.4078755e7	7.003726e6	263404.0
908538.0	9.436075e6	2.3325162e7	4.2873987e7	6.835201e7	8.961127e7	6.9660702e7	3.3985761e7	6.990167e6	263972.0
907661.0	9.404933e6	2.3263861e7	4.2776005e7	6.8180655e7	8.9389404e7	6.9506094e7	3.3905932e7	6.973504e6	262602.0
908586.0	9.38697e6	2.321729e7	4.2701148e7	6.805772e7	8.9209378e7	6.9389511e7	3.3843974e7	6.955486e6	262378.0
908060.0	9.384431e6	2.3201203e7	4.2679851e7	6.8008196e7	8.9165719e7	6.9318682e7	3.3816345e7	6.950293e6	262473.0
909237.0	9.39753e6	2.3221448e7	4.2730734e7	6.8069833e7	8.9261739e7	6.939316e7	3.3852004e7	6.959567e6	262384.0
916141.0	9.418283e6	2.3294769e7	4.2853513e7	6.828322e7	8.9533713e7	6.9607162e7	3.396127e7	6.980497e6	264155.0
912780.0	9.419824e6	2.3294325e7	4.2853376e7	6.8287739e7	8.9541654e7	6.9612987e7	3.3963609e7	6.983255e6	264708.0
910717.0	9.392978e6	2.3228819e7	4.2718588e7	6.8064757e7	8.9248937e7	6.9391839e7	3.383656e7	6.966305e6	264040.0
908789.0	9.388945e6	2.3205507e7	4.2665954e7	6.8031791e7	8.9142135e7	6.9330119e7	3.3819074e7	6.952448e6	262087.0
907837.0	9.395174e6	2.3219244e7	4.2706655e7	6.8054882e7	8.9222501e7	6.9361844e7	3.3845355e7	6.962718e6	262152.0
908297.0	9.416251e6	2.3264359e7	4.2781476e7	6.8167007e7	8.9402664e7	6.9491107e7	3.390419e7	6.973567e6	263184.0
910548.0	9.441038e6	2.3326682e7	4.288141e7	6.8348503e7	8.9618394e7	6.9673317e7	3.3989956e7	6.990799e6	263396.0
911154.0	9.461814e6	2.3381403e7	4.2989008e7	6.8526144e7	8.9827426e7	6.9840853e7	3.4073882e7	7.006585e6	265104.0
910518.0	9.479218e6	2.3452914e7	4.3090326e7	6.8650691e7	9.0007601e7	6.9992347e7	3.4145094e7	7.020533e6	264440.0
907337.0	9.485509e6	2.3461063e7	4.3113977e7	6.8718346e7	9.0092828e7	7.005059e7	3.4168369e7	7.030359e6	265961.0
904214.0	9.473075e6	2.343449e7	4.3066938e7	6.864658e7	9.0000873e7	6.9996811e7	3.4134694e7	7.02036e6	264823.0
897983.0	9.435325e6	2.3354454e7	4.2910571e7	6.8364917e7	8.9655535e7	6.9693985e7	3.4009749e7	6.995061e6	263977.0
886326.0	9.35883e6	2.3175289e7	4.2563803e7	6.784964e7	8.8938202e7	6.9163751e7	3.3746649e7	6.933018e6	261537.0
868521.0	9.233659e6	2.2877373e7	4.2013576e7	6.6951834e7	8.7768833e7	6.8263268e7	3.3297002e7	6.84519e6	258782.0
847238.0	9.034806e6	2.241996e7	4.1160845e7	6.5575555e7	8.5977299e7	6.68527e7	3.2625877e7	6.709434e6	253443.0
815694.0	8.748807e6	2.1733043e7	3.9895656e7	6.3587398e7	8.3374437e7	6.4834683e7	3.1623233e7	6.503336e6	246305.0
773357.0	8.357496e6	2.076711e7	3.8104693e7	6.0734573e7	7.9635286e7	6.1920349e7	3.0203511e7	6.211619e6	235198.0
715667.0	7.792099e6	1.9391434e7	3.5569069e7	5.669024e7	7.4327256e7	5.7798615e7	2.8192085e7	5.793589e6	218664.0
637944.0	6.989133e6	1.7396718e7	3.1899964e7	5.083186e7	6.6650598e7	5.1829657e7	2.5280109e7	5.202663e6	196843.0
522725.0	5.761311e6	1.4327016e7	2.6289712e7	4.1884426e7	5.4906174e7	4.2688966e7	2.0824059e7	4.280714e6	162537.0
303383.0	3.368489e6	8.389609e6	1.537305e7	2.4506014e7	3.2121355e7	2.4977258e7	1.2184751e7	2.504757e6	94278.0
