501260.0	7.319272e6	1.8021885e7	3.2329693e7	5.0987249e7	6.419648e7	4.8015315e7	2.1944051e7	4.166782e6	103532.0
864755.0	1.2547002e7	3.0789196e7	5.5243685e7	8.7151782e7	1.09753659e8	8.2090516e7	3.7512225e7	7.120116e6	175982.0
1.065467e6	1.5272691e7	3.7350821e7	6.7076799e7	1.0579986e8	1.33237391e8	9.9646619e7	4.5527135e7	8.636627e6	213660.0
1.203115e6	1.7072085e7	4.1615567e7	7.4771346e7	1.1797105e8	1.48577962e8	1.11110633e8	5.0761957e7	9.626833e6	238740.0
1.307918e6	1.8345424e7	4.4563216e7	8.0112746e7	1.26362936e8	1.59177969e8	1.19065579e8	5.4390173e7	1.0319388e7	256332.0
1.385001e6	1.9248401e7	4.6611484e7	8.386881e7	1.32309505e8	1.66648233e8	1.24622812e8	5.693946e7	1.0800914e7	267771.0
1.445194e6	1.9879686e7	4.8055285e7	8.652682e7	1.36459013e8	1.71884503e8	1.28539177e8	5.8732203e7	1.1145569e7	276343.0
1.495436e6	2.0320692e7	4.902066e7	8.8315378e7	1.3931206e8	1.75468696e8	1.31222094e8	5.9959133e7	1.137443e7	282004.0
1.529315e6	2.0605482e7	4.9631409e7	8.9488179e7	1.41162539e8	1.7775319e8	1.32992401e8	6.0742874e7	1.1528048e7	286060.0
1.553355e6	2.0784563e7	5.0022014e7	9.0197647e7	1.42280012e8	1.79160579e8	1.34017487e8	6.1244252e7	1.1615554e7	287523.0
1.572809e6	2.0884959e7	5.0177553e7	9.0572396e7	1.4282496e8	1.798746e8	1.34531844e8	6.1461189e7	1.166129e7	288334.0
1.587047e6	2.0907123e7	5.0216764e7	9.0642723e7	1.42973279e8	1.80063661e8	1.34703457e8	6.1534824e7	1.1673077e7	290430.0
1.593475e6	2.0892203e7	5.0148888e7	9.0582073e7	1.42880345e8	1.79898859e8	1.34585328e8	6.1487035e7	1.1664613e7	289003.0
1.595232e6	2.0847854e7	5.0028254e7	9.0411635e7	1.4259532e8	1.79555e8	1.34298629e8	6.1361338e7	1.164462e7	289002.0
1.59947e6	2.0787157e7	4.9873099e7	9.0167885e7	1.4221041e8	1.79120966e8	1.3397011e8	6.1201799e7	1.1610215e7	287802.0
1.596603e6	2.0726026e7	4.9751806e7	8.9933854e7	1.41845408e8	1.78669366e8	1.33635162e8	6.1058728e7	1.1578006e7	287269.0
1.599198e6	2.0678307e7	4.9638485e7	8.9770898e7	1.41606707e8	1.78338621e8	1.33386173e8	6.0938464e7	1.1558874e7	286427.0
1.599091e6	2.0655652e7	4.9595482e7	8.9725949e7	1.41501739e8	1.78214051e8	1.33310365e8	6.0900874e7	1.1553576e7	286781.0
1.603152e6	2.0671127e7	4.9628338e7	8.9832228e7	1.41628749e8	1.78404596e8	1.33437363e8	6.0950038e7	1.155921e7	285785.0
1.605637e6	2.0738604e7	4.9774759e7	9.0094963e7	1.42068932e8	1.78933749e8	1.33842792e8	6.1151331e7	1.1603458e7	287828.0
1.607512e6	2.0740219e7	4.9757935e7	9.0089712e7	1.42092586e8	1.78928732e8	1.3382346e8	6.11592e7	1.1595421e7	286298.0
1.600904e6	2.0667932e7	4.9610876e7	8.9800351e7	1.41663307e8	1.78386852e8	1.33413518e8	6.095329e7	1.156409e7	285585.0
1.596918e6	2.0658178e7	4.9599374e7	8.9709375e7	1.41501715e8	1.78199287e8	1.33310226e8	6.0900942e7	1.1558181e7	285371.0
1.593911e6	2.068238e7	4.9642347e7	8.9780745e7	1.41605647e8	1.78326397e8	1.33391329e8	6.0938499e7	1.1566283e7	285415.0
1.5941e6	2.0728595e7	4.9738906e7	8.9946801e7	1.41859686e8	1.78675273e8	1.33633716e8	6.1040755e7	1.15785e7	287027.0
1.594962e6	2.0789541e7	4.9885691e7	9.0166652e7	1.42212493e8	1.79087598e8	1.33952555e8	6.1211284e7	1.1610445e7	288150.0
1.593452e6	2.0844589e7	5.0021341e7	9.0387982e7	1.42564251e8	1.79558158e8	1.34306754e8	6.1370896e7	1.1643039e7	288849.0
1.589984e6	2.0884877e7	5.0144463e7	9.0594509e7	1.4286965e8	1.79914066e8	1.34587404e8	6.1479273e7	1.1663975e7	288351.0
1.580899e6	2.0906756e7	5.0203549e7	9.0653569e7	1.42963209e8	1.80072138e8	1.34683616e8	6.1541422e7	1.1671684e7	289578.0
1.572633e6	2.0881359e7	5.0174453e7	9.0557323e7	1.42831026e8	1.79864165e8	1.34540601e8	6.1471976e7	1.1664609e7	289200.0
1.554313e6	2.0793094e7	4.9989195e7	9.0198771e7	1.42276623e8	1.79174164e8	1.34003437e8	6.1237029e7	1.1626366e7	287646.0
1.528456e6	2.0613495e7	4.9639125e7	8.9493462e7	1.41152995e8	1.77769807e8	1.32962856e8	6.07518e7	1.1523178e7	284899.0
1.496214e6	2.0325317e7	4.9020855e7	8.831045e7	1.3929937e8	1.75448373e8	1.31221673e8	5.9955111e7	1.1374855e7	281288.0
1.449848e6	1.9885538e7	4.8050446e7	8.6522512e7	1.36468626e8	1.71868147e8	1.28537254e8	5.8735675e7	1.113835e7	276084.0
1.389593e6	1.9252438e7	4.6621822e7	8.3869713e7	1.32288864e8	1.66649974e8	1.2465459e8	5.6943322e7	1.0799128e7	268253.0
1.311457e6	1.8355704e7	4.4564895e7	8.0117274e7	1.26354974e8	1.5916596e8	1.19040867e8	5.4387285e7	1.032361e7	256124.0
1.203501e6	1.707941e7	4.1606276e7	7.4783531e7	1.17953588e8	1.4854445e8	1.1111212e8	5.0762295e7	9.62861e6	239279.0
1.067309e6	1.5273476e7	3.7348421e7	6.7059383e7	1.05776433e8	1.33203801e8	9.9644648e7	4.552502e7	8.638731e6	214432.0
865618.0	1.2551753e7	3.0786982e7	5.5245403e7	8.7150192e7	1.09754768e8	8.2095795e7	3.7505871e7	7.115958e6	176780.0
502257.0	7.329375e6	1.803084e7	3.2316885e7	5.097613e7	6.4204657e7	4.8014941e7	2.1936724e7	4.158127e6	103162.0
