101975.0	2.279395e6	6.765063e6	1.3066455e7	2.1562209e7	3.125339e7	2.7888046e7	1.6293988e7	4.366063e6	396598.0
177255.0	3.919825e6	1.1554831e7	2.2320934e7	3.685207e7	5.3430078e7	4.7652075e7	2.7849027e7	7.461805e6	678378.0
218651.0	4.781685e6	1.4004984e7	2.7114619e7	4.4732426e7	6.4860247e7	5.7854e7	3.3806107e7	9.054814e6	824422.0
245888.0	5.364573e6	1.5590381e7	3.0222761e7	4.9867614e7	7.2321929e7	6.4501265e7	3.7696019e7	1.0099573e7	919211.0
266321.0	5.780812e6	1.6681475e7	3.2392261e7	5.3431861e7	7.7488676e7	6.9113825e7	4.0390766e7	1.0818086e7	985837.0
281789.0	6.077747e6	1.742911e7	3.3901187e7	5.5938768e7	8.1110538e7	7.2362515e7	4.2287759e7	1.1326961e7	1.032807e6
292802.0	6.302048e6	1.7959205e7	3.4986431e7	5.7708519e7	8.3674483e7	7.4617521e7	4.3612744e7	1.1689275e7	1.063479e6
301243.0	6.4563e6	1.8307515e7	3.5708188e7	5.8906534e7	8.5406278e7	7.6181114e7	4.4516566e7	1.1925825e7	1.086553e6
307156.0	6.561223e6	1.8528373e7	3.6187301e7	5.9671174e7	8.6560295e7	7.7198688e7	4.5125126e7	1.2079141e7	1.099704e6
311343.0	6.626751e6	1.86539e7	3.6478577e7	6.0154391e7	8.7228451e7	7.7806123e7	4.5466331e7	1.2184656e7	1.108916e6
315368.0	6.666547e6	1.8703186e7	3.6615093e7	6.0385884e7	8.7569675e7	7.8117671e7	4.5643055e7	1.2225234e7	1.113537e6
316415.0	6.685219e6	1.8712491e7	3.6669664e7	6.0444237e7	8.7675157e7	7.8195403e7	4.5698318e7	1.2241318e7	1.113657e6
315836.0	6.683279e6	1.868219e7	3.6624845e7	6.0395905e7	8.7592592e7	7.8126187e7	4.565589e7	1.2223093e7	1.113766e6
315916.0	6.669415e6	1.8639329e7	3.6556555e7	6.0280687e7	8.7404401e7	7.7978213e7	4.5572493e7	1.2208032e7	1.11062e6
316119.0	6.651656e6	1.8570222e7	3.6457322e7	6.0144542e7	8.7198345e7	7.778356e7	4.5447747e7	1.2177783e7	1.109209e6
316209.0	6.635213e6	1.8518278e7	3.6373343e7	5.998864e7	8.6968888e7	7.7574299e7	4.5341062e7	1.2143439e7	1.106418e6
315689.0	6.616925e6	1.8482215e7	3.6310754e7	5.9863366e7	8.6827361e7	7.7413656e7	4.5245283e7	1.2125637e7	1.102955e6
315039.0	6.612385e6	1.8456998e7	3.6279977e7	5.9832692e7	8.6766925e7	7.738244e7	4.5222393e7	1.2114604e7	1.104849e6
317637.0	6.613316e6	1.8479007e7	3.6318484e7	5.9899944e7	8.6849756e7	7.7459654e7	4.5278298e7	1.2127835e7	1.102962e6
317900.0	6.635404e6	1.8527598e7	3.6438147e7	6.0082786e7	8.713013e7	7.7722213e7	4.5407151e7	1.2167687e7	1.106893e6
317293.0	6.638188e6	1.8522938e7	3.6430107e7	6.0070965e7	8.7116868e7	7.7707076e7	4.5424022e7	1.2165196e7	1.107972e6
316626.0	6.610217e6	1.8463998e7	3.632304e7	5.9904229e7	8.6840526e7	7.7459347e7	4.5273503e7	1.2124171e7	1.104587e6
314856.0	6.610031e6	1.8458783e7	3.6288094e7	5.9837074e7	8.6762593e7	7.7380275e7	4.5222598e7	1.2116177e7	1.102586e6
315104.0	6.614176e6	1.8484836e7	3.630293e7	5.9881077e7	8.6822055e7	7.7441434e7	4.5259779e7	1.2123627e7	1.103374e6
316788.0	6.629903e6	1.8523527e7	3.6376225e7	5.9988396e7	8.6987024e7	7.7596109e7	4.5352723e7	1.2146957e7	1.105508e6
315506.0	6.653621e6	1.8569048e7	3.6455544e7	6.0123346e7	8.7227563e7	7.7755015e7	4.5456103e7	1.2176772e7	1.107628e6
316568.0	6.671308e6	1.8632916e7	3.6562901e7	6.0292557e7	8.7399629e7	7.7964139e7	4.5574145e7	1.2204958e7	1.111684e6
316460.0	6.676386e6	1.8683692e7	3.6627516e7	6.0414483e7	8.7607754e7	7.8136517e7	4.5665191e7	1.2230146e7	1.114342e6
315747.0	6.681798e6	1.8708161e7	3.6663233e7	6.0456988e7	8.7676812e7	7.8214628e7	4.5697905e7	1.2238773e7	1.114647e6
314197.0	6.664318e6	1.8717001e7	3.6615748e7	6.0388326e7	8.7573211e7	7.8112708e7	4.564581e7	1.223615e7	1.113307e6
312959.0	6.629107e6	1.8654638e7	3.6475584e7	6.016043e7	8.7228962e7	7.7795849e7	4.5465005e7	1.217771e7	1.108553e6
307818.0	6.563651e6	1.8529072e7	3.6186876e7	5.9690365e7	8.6542493e7	7.7211616e7	4.5131908e7	1.2077865e7	1.101568e6
302187.0	6.452966e6	1.8310536e7	3.5720188e7	5.8895711e7	8.5418608e7	7.6198701e7	4.4525847e7	1.192898e7	1.086127e6
293971.0	6.300109e6	1.7957035e7	3.4982276e7	5.7687571e7	8.3686892e7	7.4627014e7	4.362302e7	1.1684861e7	1.065126e6
282088.0	6.078818e6	1.7430262e7	3.3915579e7	5.5944386e7	8.1124454e7	7.2355887e7	4.2287759e7	1.1331001e7	1.030752e6
266989.0	5.782032e6	1.6675569e7	3.2381962e7	5.3441698e7	7.748635e7	6.9127527e7	4.038237e7	1.082167e7	986255.0
245352.0	5.36588e6	1.5582596e7	3.0233553e7	4.9877488e7	7.2307878e7	6.4517787e7	3.7702952e7	1.0093875e7	918927.0
218269.0	4.78772e6	1.3997575e7	2.7118462e7	4.4744691e7	6.485375e7	5.7857302e7	3.3813766e7	9.062645e6	825242.0
176959.0	3.919726e6	1.1551132e7	2.233454e7	3.6843695e7	5.3438746e7	4.7673217e7	2.7848612e7	7.45947e6	678901.0
102961.0	2.281535e6	6.772387e6	1.3059848e7	2.1559808e7	3.1256395e7	2.787893e7	1.6286344e7	4.365893e6	398150.0
