659554.0	7.045929e6	1.8152284e7	3.2316033e7	5.0983308e7	6.4203309e7	4.8035171e7	2.1947042e7	4.161084e6	102566.0
1.157513e6	1.2083871e7	3.0989346e7	5.5227811e7	8.7155315e7	1.09736394e8	8.20819e7	3.7509316e7	7.113534e6	176078.0
1.43978e6	1.4731185e7	3.753395e7	6.7046842e7	1.0577466e8	1.332077e8	9.9634447e7	4.5529476e7	8.635452e6	214274.0
1.642855e6	1.6506189e7	4.177207e7	7.4768189e7	1.17930414e8	1.48533337e8	1.11129428e8	5.0769678e7	9.634721e6	238368.0
1.793124e6	1.7764299e7	4.4678429e7	8.0121901e7	1.26361555e8	1.59151643e8	1.1904655e8	5.4387616e7	1.0320049e7	255754.0
1.908118e6	1.8679094e7	4.6682773e7	8.3889348e7	1.32310008e8	1.66619e8	1.24639744e8	5.6931793e7	1.0804036e7	266794.0
1.989069e6	1.9340941e7	4.805368e7	8.6541949e7	1.36479322e8	1.718625e8	1.28576195e8	5.8728369e7	1.1139387e7	275750.0
2.054891e6	1.9819436e7	4.8979066e7	8.831923e7	1.39293629e8	1.75411684e8	1.31224495e8	5.9962999e7	1.1374747e7	281442.0
2.099871e6	2.0143489e7	4.9550714e7	8.9499664e7	1.4115005e8	1.77781487e8	1.32994677e8	6.0741451e7	1.1523815e7	285728.0
2.12533e6	2.0355167e7	4.9846637e7	9.0208823e7	1.42264954e8	1.79148044e8	1.34023431e8	6.1227968e7	1.1615393e7	288428.0
2.146451e6	2.0486172e7	4.9984369e7	9.0570748e7	1.42829963e8	1.79857809e8	1.34555484e8	6.1476544e7	1.1657255e7	288352.0
2.15559e6	2.0544085e7	4.9975607e7	9.0665547e7	1.43007886e8	1.80062246e8	1.34676418e8	6.1535286e7	1.1672903e7	288970.0
2.160875e6	2.0564999e7	4.9891695e7	9.0595254e7	1.42857124e8	1.79915262e8	1.34582898e8	6.1479981e7	1.1668686e7	288935.0
2.159216e6	2.0553056e7	4.9738154e7	9.0410399e7	1.42571804e8	1.79571708e8	1.34310016e8	6.1362612e7	1.1646652e7	287894.0
2.151075e6	2.0524756e7	4.9570477e7	9.0185695e7	1.42224022e8	1.79117751e8	1.33994994e8	6.1202669e7	1.1613101e7	286146.0
2.150467e6	2.0489538e7	4.9418192e7	8.9948285e7	1.41848982e8	1.78657119e8	1.33659258e8	6.1042187e7	1.1578881e7	287261.0
2.146714e6	2.0459088e7	4.9289394e7	8.9775423e7	1.41580666e8	1.78322903e8	1.33382847e8	6.0951801e7	1.1558831e7	286401.0
2.14396e6	2.0468242e7	4.9233102e7	8.9717844e7	1.41494458e8	1.78204541e8	1.33297031e8	6.089213e7	1.1552045e7	286857.0
2.144824e6	2.0484348e7	4.9277292e7	8.9813354e7	1.41613691e8	1.78365178e8	1.33441448e8	6.0949793e7	1.1553202e7	285223.0
2.152745e6	2.0562305e7	4.9421626e7	9.0086745e7	1.42084158e8	1.7895957e8	1.33857352e8	6.1142649e7	1.1605377e7	286384.0
2.149108e6	2.0561078e7	4.9417613e7	9.009136e7	1.42072913e8	1.78963697e8	1.33853518e8	6.1152735e7	1.1598722e7	287347.0
2.144729e6	2.0491689e7	4.9270818e7	8.9808808e7	1.41624899e8	1.78366235e8	1.33463066e8	6.0950104e7	1.1569344e7	286495.0
2.14249e6	2.0470074e7	4.9229944e7	8.9724879e7	1.4150364e8	1.78200253e8	1.3329145e8	6.0885694e7	1.155569e7	285934.0
2.146442e6	2.0472826e7	4.9286916e7	8.9789006e7	1.41593266e8	1.78328107e8	1.33381779e8	6.0935335e7	1.1557305e7	285938.0
2.149173e6	2.0492896e7	4.9420314e7	8.9965952e7	1.41848665e8	1.78656725e8	1.33644988e8	6.1066525e7	1.1585072e7	286708.0
2.151341e6	2.051521e7	4.9564198e7	9.0172957e7	1.42189855e8	1.79125015e8	1.33985534e8	6.1192287e7	1.1614827e7	288256.0
2.156849e6	2.0562028e7	4.9735128e7	9.0412846e7	1.42584308e8	1.7954327e8	1.34302538e8	6.1344697e7	1.1643179e7	288737.0
2.158954e6	2.0573419e7	4.9879544e7	9.0594618e7	1.42850115e8	1.79919358e8	1.34578116e8	6.147579e7	1.1666779e7	289142.0
2.15522e6	2.0553649e7	4.9982895e7	9.0674028e7	1.42995302e8	1.80049687e8	1.34704524e8	6.1523511e7	1.1670123e7	287984.0
2.146406e6	2.0492492e7	4.9988257e7	9.05686e7	1.42835889e8	1.79855172e8	1.34529133e8	6.1479142e7	1.1661642e7	289203.0
2.122301e6	2.0359837e7	4.9851181e7	9.0236805e7	1.4227275e8	1.79135235e8	1.34021889e8	6.1232734e7	1.160688e7	287245.0
2.095943e6	2.0147053e7	4.9553419e7	8.9506388e7	1.41166831e8	1.77758176e8	1.32957943e8	6.0758319e7	1.1526539e7	285334.0
2.051253e6	1.9804933e7	4.897903e7	8.8323913e7	1.39308645e8	1.75416877e8	1.31219176e8	5.9943332e7	1.1367381e7	281210.0
1.98917e6	1.9342827e7	4.8047362e7	8.6531813e7	1.36466709e8	1.71870455e8	1.28550707e8	5.8733742e7	1.1141818e7	275908.0
1.899616e6	1.8677711e7	4.6683199e7	8.388147e7	1.32296589e8	1.66633007e8	1.24645636e8	5.6936104e7	1.0802658e7	267791.0
1.789189e6	1.7759293e7	4.4688995e7	8.0127622e7	1.26385177e8	1.59180964e8	1.19036353e8	5.438566e7	1.032058e7	255255.0
1.636726e6	1.6498523e7	4.1779122e7	7.476341e7	1.17950086e8	1.48549825e8	1.11108697e8	5.0753338e7	9.634922e6	238512.0
1.434295e6	1.473212e7	3.7545528e7	6.7046698e7	1.05767497e8	1.3322693e8	9.9648392e7	4.5519856e7	8.635077e6	213732.0
1.152466e6	1.208437e7	3.0979676e7	5.5245263e7	8.7148317e7	1.09767003e8	8.2094207e7	3.7504286e7	7.111835e6	176508.0
657117.0	7.042405e6	1.8149819e7	3.2316005e7	5.0996417e7	6.4211747e7	4.8030594e7	2.1933381e7	4.163786e6	103380.0
