112679.0	517872.0	1.512611e6	3.018792e6	4.983151e6	7.221745e6	6.437425e6	3.765393e6	1.009085e6	92445.0
54714.0	482260.0	1.204978e6	2.390353e6	3.963267e6	5.742466e6	5.11963e6	2.992009e6	801147.0	73355.0
236342.0	2.0587e6	5.310583e6	1.047309e7	1.7288288e7	2.506936e7	2.2362189e7	1.306694e7	3.499459e6	318421.0
339779.0	3.247059e6	8.41712e6	1.6480379e7	2.7214496e7	3.947184e7	3.5200372e7	2.0567779e7	5.506671e6	500620.0
560059.0	5.783104e6	1.5438036e7	3.0091781e7	4.9617172e7	7.1952349e7	6.4167934e7	3.7506263e7	1.0043835e7	915779.0
361620.0	5.342207e6	1.3987466e7	2.7358847e7	4.5174415e7	6.5527111e7	5.8435995e7	3.4152909e7	9.139994e6	832739.0
392270.0	6.761695e6	1.7988142e7	3.4940431e7	5.7638833e7	8.3566018e7	7.4564236e7	4.3576407e7	1.1669289e7	1.062265e6
359564.0	6.398192e6	1.7771578e7	3.450843e7	5.6918277e7	8.2527916e7	7.3616802e7	4.3018698e7	1.1529758e7	1.049386e6
302671.0	5.315451e6	1.565769e7	3.047765e7	5.0185478e7	7.2781273e7	6.491907e7	3.7949442e7	1.017098e7	927762.0
148057.0	2.630345e6	8.326059e6	1.6507694e7	2.7208166e7	3.9467233e7	3.519794e7	2.0577792e7	5.508354e6	501465.0
67731.0	1.210988e6	4.100615e6	8.202451e6	1.3523468e7	1.9619194e7	1.749116e7	1.0227673e7	2.736571e6	249223.0
29476.0	524651.0	1.889266e6	3.80189e6	6.271772e6	9.103151e6	8.113943e6	4.741678e6	1.272052e6	115020.0
13347.0	236169.0	892704.0	1.811871e6	2.98072e6	4.324961e6	3.859163e6	2.255258e6	603225.0	55039.0
5092.0	90315.0	361312.0	742171.0	1.223781e6	1.776216e6	1.579338e6	924999.0	247742.0	22784.0
1704.0	29970.0	127083.0	265015.0	438882.0	633328.0	564796.0	330562.0	88118.0	8205.0
515.0	8774.0	38861.0	82321.0	135945.0	197393.0	176560.0	102896.0	27587.0	2615.0
142.0	2310.0	11099.0	23604.0	39844.0	56953.0	50675.0	29499.0	8055.0	712.0
31.0	649.0	3002.0	6724.0	10865.0	15712.0	14132.0	8324.0	2205.0	216.0
5.0	141.0	791.0	1832.0	3045.0	4287.0	3972.0	2153.0	589.0	60.0
3.0	60.0	249.0	577.0	961.0	1408.0	1310.0	708.0	172.0	18.0
