575.0	3486.0	9049.0	17619.0	29049.0	42144.0	38140.0	22240.0	5890.0	549.0
1147.0	6387.0	16323.0	32293.0	53323.0	77469.0	69408.0	40550.0	10714.0	981.0
1473.0	8665.0	21669.0	43866.0	71634.0	104121.0	92348.0	54056.0	14542.0	1327.0
1831.0	11127.0	28304.0	55863.0	91492.0	134587.0	119068.0	69433.0	18864.0	1692.0
2419.0	14523.0	36619.0	72394.0	119523.0	173796.0	154907.0	90088.0	24014.0	2173.0
3063.0	19153.0	48339.0	95055.0	156702.0	228395.0	202690.0	119343.0	31880.0	2975.0
4026.0	26736.0	66732.0	131935.0	217941.0	315583.0	281876.0	164323.0	43997.0	3991.0
6159.0	41417.0	106115.0	208312.0	343595.0	499748.0	446145.0	260685.0	69788.0	6365.0
12425.0	80981.0	216547.0	426462.0	703501.0	1.017879e6	908839.0	530604.0	142242.0	12791.0
19405.0	131521.0	357866.0	698889.0	1.154584e6	1.677061e6	1.493487e6	873996.0	233722.0	21253.0
28646.0	207967.0	570946.0	1.118545e6	1.844851e6	2.676424e6	2.390603e6	1.395873e6	372654.0	33708.0
41901.0	328803.0	909412.0	1.781401e6	2.940248e6	4.26626e6	3.802064e6	2.221682e6	592949.0	54077.0
59933.0	513260.0	1.425888e6	2.788221e6	4.607442e6	6.675701e6	5.953992e6	3.478412e6	931201.0	84878.0
81700.0	790948.0	2.202341e6	4.309951e6	7.114397e6	1.0316521e7	9.20234e6	5.378272e6	1.440623e6	131624.0
108009.0	1.192311e6	3.327525e6	6.505621e6	1.0727307e7	1.5566224e7	1.3879128e7	8.117805e6	2.172279e6	197507.0
137182.0	1.737169e6	4.839556e6	9.456973e6	1.5595117e7	2.261461e7	2.0179961e7	1.1796377e7	3.159342e6	288216.0
168433.0	2.428688e6	6.751788e6	1.3193735e7	2.1752164e7	3.1555735e7	2.8142064e7	1.6443635e7	4.403215e6	400475.0
199786.0	3.24972e6	9.038641e6	1.7653097e7	2.9107057e7	4.2244916e7	3.7670551e7	2.2016222e7	5.903135e6	537681.0
230880.0	4.138086e6	1.1515607e7	2.25186e7	3.7138412e7	5.3842939e7	4.8028904e7	2.8076683e7	7.528534e6	684998.0
265205.0	4.947904e6	1.3768861e7	2.6954529e7	4.4453933e7	6.4471732e7	5.750481e7	3.3606971e7	8.997584e6	820363.0
264867.0	4.947567e6	1.3766349e7	2.69503e7	4.445211e7	6.4448743e7	5.749561e7	3.3610624e7	9.000901e6	820723.0
229873.0	4.136489e6	1.1511634e7	2.2516442e7	3.7142042e7	5.3853343e7	4.8038863e7	2.8079496e7	7.515665e6	684606.0
199810.0	3.24813e6	9.02588e6	1.7658769e7	2.9129117e7	4.2224822e7	3.7649412e7	2.2006555e7	5.89745e6	537723.0
167471.0	2.429135e6	6.746128e6	1.3191807e7	2.1752605e7	3.1550496e7	2.8146584e7	1.6442744e7	4.403837e6	401470.0
137325.0	1.736506e6	4.834609e6	9.460686e6	1.5595115e7	2.2610816e7	2.0164727e7	1.1785251e7	3.159311e6	286695.0
107675.0	1.194694e6	3.326159e6	6.506605e6	1.0728485e7	1.556546e7	1.3879302e7	8.110599e6	2.16842e6	197373.0
81511.0	791212.0	2.201961e6	4.306009e6	7.112078e6	1.0312283e7	9.198641e6	5.373751e6	1.438477e6	130490.0
59488.0	512796.0	1.42438e6	2.790665e6	4.60363e6	6.674629e6	5.952286e6	3.47874e6	930089.0	84586.0
41843.0	329089.0	909058.0	1.779317e6	2.939474e6	4.262823e6	3.803072e6	2.220158e6	596397.0	54023.0
28593.0	207704.0	570389.0	1.117028e6	1.845435e6	2.674578e6	2.386075e6	1.394134e6	372398.0	33964.0
19150.0	131834.0	356339.0	698258.0	1.155492e6	1.676232e6	1.494976e6	872288.0	233441.0	21362.0
12416.0	81124.0	216520.0	425837.0	702652.0	1.022453e6	908523.0	531073.0	142020.0	12985.0
6256.0	41653.0	105607.0	209127.0	345159.0	500037.0	445391.0	260158.0	69816.0	6438.0
4116.0	26368.0	66688.0	131942.0	218071.0	315204.0	281613.0	164631.0	43673.0	4035.0
3030.0	19589.0	48274.0	95233.0	157082.0	228168.0	204065.0	119449.0	31596.0	2962.0
2240.0	14721.0	36742.0	72769.0	119381.0	173238.0	155142.0	90310.0	23980.0	2234.0
1810.0	11309.0	28624.0	55934.0	92313.0	133412.0	118877.0	69953.0	18684.0	1698.0
1491.0	8748.0	21960.0	43241.0	71292.0	103881.0	93011.0	54271.0	14360.0	1288.0
1138.0	6507.0	16229.0	32505.0	53561.0	77580.0	68746.0	40355.0	10912.0	987.0
593.0	3501.0	8977.0	17900.0	29223.0	42387.0	37591.0	22273.0	5906.0	524.0
