659.0	3804.0	10386.0	20680.0	34107.0	49783.0	44044.0	26255.0	6869.0	628.0
1257.0	6975.0	19466.0	38010.0	62372.0	90183.0	80772.0	47321.0	12533.0	1177.0
1711.0	9474.0	26117.0	51195.0	85245.0	123805.0	109988.0	64557.0	17192.0	1542.0
2278.0	13059.0	35167.0	69014.0	114787.0	166766.0	148277.0	86673.0	23274.0	2003.0
3257.0	17826.0	48830.0	97498.0	159204.0	232234.0	206113.0	120690.0	32282.0	2908.0
4484.0	25213.0	70425.0	137410.0	226179.0	328179.0	293214.0	171314.0	45509.0	4224.0
6689.0	35568.0	99941.0	194655.0	321761.0	467740.0	416648.0	242107.0	65508.0	5922.0
9815.0	52130.0	146156.0	286907.0	473143.0	686594.0	611766.0	358846.0	95528.0	8866.0
15627.0	85045.0	239211.0	469784.0	775774.0	1.125335e6	1.003413e6	586008.0	157128.0	14441.0
22714.0	126110.0	352446.0	692407.0	1.142451e6	1.655084e6	1.476377e6	863206.0	231186.0	21234.0
31467.0	183376.0	512879.0	1.005884e6	1.660246e6	2.408811e6	2.150081e6	1.256291e6	335259.0	30383.0
43539.0	273708.0	764830.0	1.499484e6	2.473245e6	3.589023e6	3.20297e6	1.872082e6	500833.0	46045.0
60129.0	424225.0	1.182323e6	2.316751e6	3.822611e6	5.544685e6	4.944713e6	2.889501e6	773757.0	70696.0
80776.0	677816.0	1.895456e6	3.706473e6	6.116883e6	8.870381e6	7.913883e6	4.620618e6	1.237736e6	112349.0
105996.0	1.099032e6	3.068381e6	5.997387e6	9.892195e6	1.4354392e7	1.280058e7	7.485643e6	2.003369e6	182548.0
135991.0	1.742491e6	4.855852e6	9.486527e6	1.5647937e7	2.2694105e7	2.0238799e7	1.183405e7	3.170155e6	288526.0
168776.0	2.585978e6	7.200117e6	1.4076198e7	2.320122e7	3.3644785e7	3.0020377e7	1.7544047e7	4.698486e6	428077.0
200693.0	3.474688e6	9.657296e6	1.8874437e7	3.1134019e7	4.5167821e7	4.0291436e7	2.3545832e7	6.308706e6	574142.0
227808.0	4.240989e6	1.1763403e7	2.3020491e7	3.7958641e7	5.5050589e7	4.9089578e7	2.8696478e7	7.686222e6	700614.0
249882.0	4.798323e6	1.3284291e7	2.5993363e7	4.2865638e7	6.2172506e7	5.5453286e7	3.2408508e7	8.681462e6	789590.0
250495.0	4.804059e6	1.3283999e7	2.5987995e7	4.2879466e7	6.214737e7	5.5439786e7	3.2408531e7	8.683482e6	790639.0
227573.0	4.242446e6	1.176634e7	2.3023109e7	3.7959209e7	5.5048956e7	4.909642e7	2.8689853e7	7.68411e6	701995.0
201339.0	3.474716e6	9.654681e6	1.8885879e7	3.1139102e7	4.5160158e7	4.0277635e7	2.3532255e7	6.305272e6	573844.0
169039.0	2.584352e6	7.199192e6	1.4067837e7	2.3201384e7	3.3642831e7	3.001022e7	1.7541289e7	4.694052e6	427649.0
136131.0	1.740661e6	4.851029e6	9.485017e6	1.5645923e7	2.2690386e7	2.0234305e7	1.1831336e7	3.166084e6	288353.0
106431.0	1.098261e6	3.06708e6	5.989852e6	9.894996e6	1.4345662e7	1.2793736e7	7.479008e6	2.001895e6	181834.0
80703.0	679229.0	1.893185e6	3.707587e6	6.114927e6	8.867476e6	7.908803e6	4.622474e6	1.237972e6	112507.0
59894.0	423871.0	1.181953e6	2.316944e6	3.825493e6	5.546787e6	4.946191e6	2.888624e6	771754.0	70502.0
43730.0	272922.0	763302.0	1.497153e6	2.47465e6	3.591015e6	3.201815e6	1.870195e6	500592.0	45562.0
31482.0	182408.0	513544.0	1.005986e6	1.662384e6	2.412131e6	2.149493e6	1.255037e6	336543.0	30635.0
22475.0	125741.0	352133.0	691788.0	1.140651e6	1.656555e6	1.479462e6	863551.0	231616.0	21061.0
15668.0	84675.0	238396.0	470454.0	776597.0	1.124192e6	1.000535e6	585970.0	157325.0	14067.0
9791.0	52083.0	146454.0	287760.0	472921.0	686906.0	612215.0	357562.0	95852.0	8659.0
6540.0	35705.0	99820.0	195179.0	322205.0	467107.0	417617.0	243708.0	65036.0	5884.0
4666.0	25560.0	70103.0	137202.0	226773.0	328941.0	293345.0	171213.0	46025.0	4245.0
3237.0	17662.0	48857.0	96490.0	159643.0	231605.0	207122.0	120344.0	32170.0	2938.0
2329.0	12749.0	35048.0	69218.0	115338.0	165948.0	148185.0	86303.0	23184.0	2121.0
1742.0	9381.0	26238.0	51591.0	85113.0	123206.0	109806.0	64674.0	16994.0	1543.0
1279.0	6931.0	19092.0	37562.0	62154.0	89894.0	80564.0	47152.0	12608.0	1152.0
710.0	3715.0	10610.0	20681.0	34340.0	49733.0	44214.0	25681.0	7013.0	606.0
